10110000000100000010000000000101
10110010000100000010000000000100
01000000000000000000000000000010
00000001000000000000000000000000
10100010000100000010000000000000
10100100000100000010000000000000
10000000101001000100000000011001
00000110100000000000000000000100 
00000001000000000000000000000000
10000001110000111110000000000100
10010000000100000000000000010010
10100100000001001000000000011000
10100010000001000110000000000001
00010000101111111111111111111001
00000001000000000000000000000000
00000001000000000000000000000000
00000001000000000000000000000000
00000001000000000000000000000000
00000001000000000000000000000000
00000001000000000000000000000000
00000001000000000000000000000000
00000001000000000000000000000000
00000001000000000000000000000000
00000001000000000000000000000000
00000001000000000000000000000000
00000001000000000000000000000000
00000001000000000000000000000000
00000001000000000000000000000000
00000001000000000000000000000000
00000001000000000000000000000000
00000001000000000000000000000000
00000001000000000000000000000000
00000001000000000000000000000000
00000001000000000000000000000000
00000001000000000000000000000000
00000001000000000000000000000000
00000001000000000000000000000000
00000001000000000000000000000000
00000001000000000000000000000000
00000001000000000000000000000000
00000001000000000000000000000000
00000001000000000000000000000000
00000001000000000000000000000000
00000001000000000000000000000000
00000001000000000000000000000000
00000001000000000000000000000000
00000001000000000000000000000000
00000001000000000000000000000000
00000001000000000000000000000000
00000001000000000000000000000000
00000001000000000000000000000000
00000001000000000000000000000000
00000001000000000000000000000000
00000001000000000000000000000000
00000001000000000000000000000000
00000001000000000000000000000000
00000001000000000000000000000000
00000001000000000000000000000000
00000001000000000000000000000000
00000001000000000000000000000000
00000001000000000000000000000000
00000001000000000000000000000000
00000001000000000000000000000000
00000001000000000000000000000000